0,[0]
1,[13]
2,[10]
3,[31]
4,[4]
5,[10]
6,[37]
7,[8]
8,[33]
9,[33]
10,[1]
11,[28]
12,[23]
13,[13]
14,[1]
15,[34]
16,[1]
17,[31]
18,[21]
19,[5]
20,[7]
21,[33]
22,[0]
23,[16]
24,[28]
25,[4]
26,[26]
27,[19]
28,[18]
29,[3]
30,[4]
31,[28]
32,[37]
33,[12]
34,[18]
35,[28]
36,[28]
37,[28]
38,[13]
39,[23]
40,[1]
41,[7]
42,[38]
43,[26]
44,[24]
45,[34]
46,[0]
47,[32]
48,[35]
49,[13]
50,[5]
51,[3]
52,[16]
53,[21]
54,[14]
55,[28]
56,[20]
57,[32]
58,[26]
59,[6]
60,[2]
61,[7]
62,[12]
63,[0]
64,[13]
65,[21]
66,[10]
67,[16]
68,[36]
69,[28]
70,[28]
71,[24]
72,[6]
73,[6]
74,[19]
75,[4]
76,[37]
77,[36]
78,[38]
79,[5]
80,[2]
81,[35]
82,[22]
83,[14]
84,[8]
85,[28]
86,[5]
87,[0]
88,[24]
89,[39]
90,[37]
91,[13]
92,[23]
93,[36]
94,[28]
95,[36]
96,[0]
97,[3]
98,[11]
99,[6]
100,[23]
101,[33]
102,[12]
103,[21]
104,[18]
105,[14]
106,[7]
107,[36]
108,[34]
109,[16]
110,[10]
111,[13]
112,[35]
113,[36]
114,[26]
115,[4]
116,[6]
117,[24]
118,[23]
119,[0]
120,[36]
121,[22]
122,[38]
123,[28]
124,[4]
125,[16]
126,[0]
127,[25]
128,[7]
129,[4]
130,[28]
131,[27]
132,[29]
133,[26]
134,[24]
135,[1]
136,[28]
137,[34]
138,[27]
139,[13]
140,[1]
141,[7]
142,[25]
143,[28]
144,[11]
145,[16]
146,[35]
147,[11]
148,[33]
149,[5]
150,[37]
151,[21]
152,[36]
153,[33]
154,[0]
155,[28]
156,[3]
157,[1]
158,[1]
159,[27]
160,[26]
161,[18]
162,[18]
163,[26]
164,[8]
165,[9]
166,[18]
167,[8]
168,[19]
169,[18]
170,[8]
171,[37]
172,[0]
173,[24]
174,[9]
175,[8]
176,[13]
177,[7]
178,[12]
179,[28]
180,[11]
181,[28]
182,[5]
183,[28]
184,[1]
185,[5]
186,[8]
187,[6]
188,[8]
189,[18]
190,[31]
191,[16]
192,[18]
193,[27]
194,[16]
195,[2]
196,[28]
197,[28]
198,[34]
199,[18]
200,[11]
201,[13]
202,[28]
203,[6]
204,[22]
205,[35]
206,[6]
207,[33]
208,[14]
209,[4]
210,[9]
211,[14]
212,[28]
213,[7]
214,[23]
215,[18]
216,[6]
217,[4]
218,[9]
219,[19]
220,[21]
221,[21]
222,[14]
223,[23]
224,[6]
225,[5]
226,[31]
227,[38]
228,[7]
229,[14]
230,[12]
231,[24]
232,[19]
233,[21]
234,[11]
235,[12]
236,[38]
237,[27]
238,[27]
239,[10]
240,[5]
241,[11]
242,[22]
243,[14]
244,[4]
245,[26]
246,[24]
247,[37]
248,[32]
249,[36]
250,[14]
251,[4]
252,[35]
253,[33]
254,[7]
255,[26]
256,[5]
257,[28]
258,[36]
259,[36]
260,[25]
261,[4]
262,[28]
263,[23]
264,[6]
265,[10]
266,[8]
267,[38]
268,[16]
269,[10]
270,[0]
271,[8]
272,[7]
273,[7]
274,[10]
275,[0]
276,[24]
277,[28]
278,[12]
279,[27]
280,[28]
281,[35]
282,[9]
283,[29]
284,[8]
285,[27]
286,[5]
287,[24]
288,[10]
289,[24]
290,[26]
291,[18]
292,[5]
293,[7]
294,[28]
295,[32]
296,[4]
297,[33]
298,[16]
299,[3]
300,[25]
301,[8]
302,[18]
303,[4]
304,[5]
305,[4]
306,[3]
307,[28]
308,[28]
309,[22]
310,[22]
311,[28]
312,[35]
313,[27]
314,[6]
315,[23]
316,[26]
317,[10]
318,[23]
319,[22]
320,[9]
321,[0]
322,[29]
323,[27]
324,[4]
325,[39]
326,[7]
327,[14]
328,[20]
329,[24]
330,[9]
331,[16]
332,[21]
333,[20]
334,[20]
335,[4]
336,[36]
337,[6]
338,[5]
339,[0]
340,[19]
341,[14]
342,[21]
343,[14]
344,[39]
345,[36]
346,[34]
347,[6]
348,[1]
349,[8]
350,[11]
351,[30]
352,[35]
353,[32]
354,[20]
355,[13]
356,[25]
357,[28]
358,[12]
359,[7]
360,[35]
361,[38]
362,[25]
363,[9]
364,[24]
365,[6]
366,[20]
367,[21]
368,[37]
369,[19]
370,[23]
371,[22]
372,[27]
373,[5]
374,[38]
375,[10]
376,[19]
377,[38]
378,[21]
379,[19]
380,[29]
381,[36]
382,[6]
383,[27]
384,[7]
385,[1]
386,[33]
387,[14]
388,[11]
389,[28]
390,[14]
391,[39]
392,[37]
393,[29]
394,[20]
395,[29]
396,[2]
397,[33]
398,[11]
399,[26]
400,[11]
401,[21]
402,[8]
403,[10]
404,[36]
405,[11]
406,[23]
407,[27]
408,[28]
409,[16]
410,[29]
411,[10]
412,[33]
413,[24]
414,[1]
415,[16]
416,[2]
417,[9]
418,[18]
419,[28]
420,[31]
421,[18]
422,[24]
423,[10]
424,[33]
425,[6]
426,[1]
427,[7]
428,[29]
429,[15]
430,[27]
431,[32]
432,[1]
433,[28]
434,[14]
435,[14]
436,[28]
437,[18]
438,[7]
439,[12]
440,[5]
441,[27]
442,[23]
443,[16]
444,[28]
445,[24]
446,[6]
447,[35]
448,[7]
449,[31]
450,[0]
451,[30]
452,[28]
453,[1]
454,[14]
455,[3]
456,[9]
457,[17]
458,[5]
459,[11]
460,[28]
461,[3]
462,[19]
463,[26]
464,[34]
465,[9]
466,[7]
467,[25]
468,[23]
469,[28]
470,[36]
471,[34]
472,[37]
473,[25]
474,[28]
475,[25]
476,[8]
477,[18]
478,[32]
479,[13]
480,[6]
481,[12]
482,[35]
483,[14]
484,[8]
485,[28]
486,[5]
487,[39]
488,[26]
489,[16]
490,[12]
491,[19]
492,[36]
493,[0]
494,[25]
495,[24]
496,[20]
497,[28]
498,[18]
499,[4]
500,[14]
501,[23]
502,[39]
503,[23]
504,[22]
505,[27]
506,[6]
507,[39]
508,[10]
509,[12]
510,[19]
511,[28]
512,[1]
513,[25]
514,[7]
515,[10]
516,[35]
517,[8]
518,[30]
519,[8]
520,[13]
521,[28]
522,[14]
523,[25]
524,[2]
525,[21]
526,[5]
527,[8]
528,[6]
529,[12]
530,[20]
531,[35]
532,[7]
533,[16]
534,[12]
535,[22]
536,[32]
537,[8]
538,[10]
539,[7]
540,[39]
541,[8]
542,[0]
543,[16]
544,[9]
545,[8]
546,[26]
547,[30]
548,[21]
549,[10]
550,[21]
551,[6]
552,[37]
553,[20]
554,[20]
555,[13]
556,[35]
557,[36]
558,[21]
559,[28]
560,[4]
561,[31]
562,[31]
563,[28]
564,[10]
565,[25]
566,[11]
567,[23]
568,[26]
569,[14]
570,[33]
571,[22]
572,[20]
573,[7]
574,[36]
575,[26]
576,[20]
577,[33]
578,[16]
579,[8]
580,[19]
581,[6]
582,[3]
583,[9]
584,[30]
585,[6]
586,[21]
587,[38]
588,[12]
589,[20]
590,[13]
591,[13]
592,[13]
593,[23]
594,[39]
595,[10]
596,[10]
597,[24]
598,[11]
599,[0]
600,[26]
601,[37]
602,[34]
603,[28]
604,[24]
605,[35]
606,[8]
607,[4]
608,[23]
609,[3]
610,[34]
611,[28]
612,[13]
613,[6]
614,[8]
615,[7]
616,[10]
617,[31]
618,[34]
619,[31]
620,[14]
621,[14]
622,[28]
623,[28]
624,[28]
625,[39]
626,[7]
627,[19]
628,[13]
629,[26]
630,[20]
631,[37]
632,[28]
633,[21]
634,[7]
635,[3]
636,[29]
637,[35]
638,[1]
639,[37]
640,[14]
641,[32]
642,[10]
643,[5]
644,[34]
645,[4]
646,[28]
647,[6]
648,[30]
649,[34]
650,[6]
651,[4]
652,[19]
653,[10]
654,[38]
655,[32]
656,[36]
657,[32]
658,[27]
659,[36]
660,[36]
661,[20]
662,[8]
663,[11]
664,[25]
665,[39]
666,[31]
667,[28]
668,[5]
669,[28]
670,[7]
671,[18]
672,[34]
673,[10]
674,[9]
675,[28]
676,[16]
677,[0]
678,[18]
679,[1]
680,[21]
681,[30]
682,[28]
683,[3]
684,[16]
685,[39]
686,[22]
687,[37]
688,[26]
689,[27]
690,[8]
691,[10]
692,[27]
693,[39]
694,[38]
695,[9]
696,[24]
697,[4]
698,[28]
699,[14]
700,[1]
701,[28]
702,[11]
703,[29]
704,[36]
705,[4]
706,[20]
707,[16]
708,[37]
709,[33]
710,[20]
711,[4]
712,[31]
713,[34]
714,[11]
715,[25]
716,[19]
717,[34]
718,[10]
719,[10]
720,[8]
721,[23]
722,[26]
723,[3]
724,[38]
725,[9]
726,[28]
727,[37]
728,[38]
729,[28]
730,[10]
731,[7]
732,[1]
733,[0]
734,[16]
735,[32]
736,[4]
737,[38]
738,[28]
739,[30]
740,[39]
741,[8]
742,[20]
743,[18]
744,[27]
745,[5]
746,[34]
747,[6]
748,[30]
749,[8]
750,[16]
751,[16]
752,[28]
753,[19]
754,[6]
755,[37]
756,[34]
757,[7]
758,[19]
759,[13]
760,[38]
761,[28]
762,[21]
763,[23]
764,[7]
765,[1]
766,[39]
767,[7]
768,[27]
769,[2]
770,[27]
771,[26]
772,[23]
773,[12]
774,[21]
775,[18]
776,[1]
777,[14]
778,[39]
779,[18]
780,[31]
781,[36]
782,[0]
783,[8]
784,[5]
785,[38]
786,[28]
787,[13]
788,[21]
789,[28]
790,[23]
791,[34]
792,[31]
793,[27]
794,[21]
795,[19]
796,[33]
797,[12]
798,[14]
799,[6]
800,[26]
801,[18]
802,[7]
803,[24]
804,[6]
805,[28]
806,[20]
807,[7]
808,[28]
809,[16]
810,[17]
811,[23]
812,[16]
813,[4]
814,[1]
815,[24]
816,[35]
817,[28]
818,[26]
819,[12]
820,[29]
821,[35]
822,[14]
823,[5]
824,[3]
825,[28]
826,[22]
827,[27]
828,[11]
829,[20]
830,[18]
831,[12]
832,[25]
833,[16]
834,[33]
835,[8]
836,[1]
837,[18]
838,[24]
839,[8]
840,[23]
841,[24]
842,[33]
843,[6]
844,[23]
845,[8]
846,[28]
847,[35]
848,[6]
849,[7]
850,[34]
851,[34]
852,[37]
853,[23]
854,[24]
855,[27]
856,[5]
857,[7]
858,[9]
859,[33]
860,[1]
861,[27]
862,[33]
863,[10]
864,[0]
865,[20]
866,[5]
867,[21]
868,[38]
869,[23]
870,[29]
871,[10]
872,[11]
873,[10]
874,[19]
875,[23]
876,[8]
877,[38]
878,[17]
879,[27]
880,[27]
881,[37]
882,[19]
883,[26]
884,[28]
885,[14]
886,[36]
887,[0]
888,[28]
889,[28]
890,[21]
891,[4]
892,[8]
893,[4]
894,[10]
895,[24]
896,[28]
897,[27]
898,[16]
899,[28]
900,[35]
901,[20]
902,[8]
903,[35]
904,[34]
905,[4]
906,[8]
907,[0]
908,[20]
909,[20]
910,[32]
911,[16]
912,[0]
913,[19]
914,[22]
915,[33]
916,[6]
917,[24]
918,[28]
919,[10]
920,[31]
921,[33]
922,[39]
923,[10]
924,[22]
925,[11]
926,[9]
927,[4]
928,[6]
929,[35]
930,[11]
931,[33]
932,[18]
933,[1]
934,[21]
935,[6]
936,[36]
937,[8]
938,[39]
939,[6]
940,[17]
941,[32]
942,[9]
943,[27]
944,[5]
945,[0]
946,[8]
947,[14]
948,[28]
949,[28]
950,[18]
951,[36]
952,[35]
953,[26]
954,[20]
955,[16]
956,[24]
957,[31]
958,[23]
959,[20]
960,[24]
961,[19]
962,[35]
963,[5]
964,[12]
965,[25]
966,[39]
967,[7]
968,[1]
969,[13]
970,[0]
971,[25]
972,[12]
973,[38]
974,[23]
975,[20]
976,[38]
977,[9]
978,[35]
979,[38]
980,[0]
981,[35]
982,[13]
983,[9]
984,[25]
985,[12]
986,[6]
987,[37]
988,[25]
989,[9]
990,[14]
991,[10]
992,[9]
993,[39]
994,[10]
995,[37]
996,[36]
997,[4]
998,[16]
999,[38]
